k501
[60, 0.0],
[30, 1.0],
[30, 0.0],
[30, 0.0],
[60, 0.0],
[60, 0.0],
[30, 1.0],
[30, 0.0],
[60, 0.0],
[60, 0.0],
k301
[60, 0.0],
[30, 1.0],
[30, 1.0],
[60, 0.0],
[30, 0.0],
[30, 1.0],
[60, 0.0],
[60, 0.0],
[30, 0.0],
[60, 0.0],
k201
[60, 2.0],
[30, 4.0],
[30, 3.0],
[120, 2.0],
[120, 2.0],
[30, 4.0],
[240, 2.0],
[60, 4.0],
[30, 2.0],
[240, 2.0],
[120, 2.0],
[240, 2.0],
[60, 4.0],
[120, 2.0],
[120, 2.0],
[30, 6.0],
[240, 2.0],
[240, 0.0],
[60, 4.0],
[60, 4.0],
k101
[240, 7.0],
[240, 6.0],
[120, 6.0],
[120, 7.0],
[120, 8.0],
[240, 6.0],
[240, 6.0],
[120, 10.0],
[120, 8.0],
[240, 7.0],
k81
sim_k71
[120, 17.0],
[240, 23.0],
[120, 28.0],
[120, 24.0],
[240, 18.0],
[240, 23.0],
[240, 16.0],
[120, 31.0],
[240, 20.0],
[120, 20.0],
sim_k61
sim_k51
sim_k41
