k501
k301
k201
[60, 0],
[240, 0],
[480, 0],
[240, 0],
[30, 0],
[120, 0],
[120, 0],
[240, 0],
[30, 0],
[120, 0],
[480, 0],
[480, 0],
[30, 0],
[30, 0],
[120, 0],
[60, 0],
[60, 0],
[60, 0],
[240, 0],
[480, 0],
[120, 0],
[240, 0],
[30, 0],
[480, 0],
[60, 0],
k101
[60, 0],
[120, 0],
[960, 0],
[60, 0],
[960, 0],
[960, 0],
[960, 0],
[240, 0],
[480, 0],
[60, 0],
[120, 0],
[480, 0],
[60, 0],
[120, 0],
[480, 0],
[60, 0],
[240, 0],
[240, 0],
[120, 0],
[240, 0],
[120, 0],
[480, 0],
[480, 0],
[960, 0],
[240, 0],
sim_k71
[240, 0],
[85, 2],
[120, 0],
[240, 0],
[60, 2],
[240, 0],
[240, 0],
[170, 0],
[60, 2],
[170, 0],
[60, 2],
[240, 0],
[170, 0],
[120, 0],
[60, 2],
[240, 0],
[240, 0],
[60, 2],
[240, 0],
[170, 0],
[85, 2],
[120, 0],
[85, 2],
[60, 2],
[85, 2],
[170, 0],
[60, 2],
[120, 0],
[60, 2],
[120, 0],
[85, 2],
[120, 0],
[170, 0],
[60, 2],
[120, 0],
[240, 0],
[120, 0],
[170, 0],
[85, 2],
[170, 0],
[170, 0],
[85, 2],
[60, 2],
[120, 0],
[85, 0],
[85, 2],
[240, 0],
[120, 0],
[85, 2],
[170, 0],
sim_k61
[240, 2],
[60, 2],
[170, 0],
[340, 0],
[240, 2],
[85, 2],
[85, 2],
[120, 2],
[120, 2],
[120, 2],
[240, 2],
[170, 0],
[120, 4],
[240, 2],
[240, 0],
[340, 0],
[240, 2],
[60, 2],
[240, 2],
[120, 2],
[240, 2],
[85, 2],
[60, 2],
[340, 0],
[60, 2],
[240, 2],
[60, 2],
[340, 0],
[85, 2],
[60, 2],
[170, 0],
[340, 0],
[170, 2],
[60, 2],
[120, 2],
[60, 2],
[85, 2],
[120, 2],
[120, 2],
[60, 2],
[170, 0],
[340, 0],
[170, 2],
[240, 2],
[340, 0],
[85, 2],
[170, 0],
[170, 0],
[340, 0],
[85, 2],
[340, 0],
[85, 2],
[120, 2],
[170, 0],
[60, 2],
[340, 0],
[85, 2],
[85, 2],
[170, 0],
[120, 2],
