k501
[10, 0.0],
[30, 0.0],
[10, 2.0],
[30, 0.0],
[20, 0.0],
[10, 2.0],
[30, 2.0],
[20, 0.0],
[20, 0.0],
[20, 0.0],
[10, 1.0],
[30, 0.0],
[10, 1.0],
[20, 0.0],
[30, 0.0],
k301
[240, 0.0],
[120, 1.0],
[240, 0.0],
[30, 51.0],
[240, 0.0],
[120, 0.0],
[30, 0.0],
[60, 1.0],
[240, 0.0],
[30, 2.0],
[120, 0.0],
[120, 0.0],
[30, 0.0],
[240, 0.0],
[240, 0.0],
[30, 2.0],
[120, 0.0],
[60, 0.0],
[60, 1.0],
[240, 0.0],
[60, 2.0],
[60, 2.0],
[240, 0.0],
[240, 0.0],
[240, 0.0],
[30, 2.0],
[240, 0.0],
[120, 0.0],
[60, 2.0],
[120, 0.0],
[120, 0.0],
[120, 0.0],
[240, 0.0],
[30, 1.0],
[60, 2.0],
[60, 0.0],
[240, 0.0],
[30, 2.0],
[120, 0.0],
[120, 1.0],
[240, 0.0],
[120, 1.0],
[120, 0.0],
[60, 1.0],
[120, 0.0],
[30, 2.0],
[60, 0.0],
[120, 1.0],
[240, 0.0],
[30, 2.0],
k201
[240, 2.0],
[60, 4.0],
[60, 5.0],
[120, 3.0],
[60, 4.0],
[30, 5.0],
[30, 5.0],
[60, 4.0],
[30, 6.0],
[480, 0.0],
[240, 0.0],
[480, 0.0],
[240, 2.0],
[480, 0.0],
[30, 4.0],
[60, 4.0],
[240, 2.0],
[30, 8.0],
[480, 2.0],
[240, 2.0],
[240, 2.0],
[240, 2.0],
[240, 2.0],
[120, 3.0],
[120, 2.0],
[240, 2.0],
[60, 4.0],
[30, 5.0],
[480, 1.0],
[480, 2.0],
[240, 2.0],
[60, 4.0],
[240, 0.0],
[480, 1.0],
[60, 4.0],
[240, 2.0],
[480, 2.0],
[480, 2.0],
[480, 2.0],
[120, 3.0],
[60, 3.0],
[30, 5.0],
[120, 2.0],
[240, 2.0],
[120, 3.0],
[120, 4.0],
[60, 4.0],
[480, 0.0],
[120, 2.0],
[120, 3.0],
[480, 2.0],
[60, 3.0],
[240, 2.0],
[30, 5.0],
[120, 2.0],
[30, 4.0],
[30, 6.0],
[120, 2.0],
[120, 3.0],
[120, 1.0],
[30, 6.0],
[30, 6.0],
[30, 4.0],
[60, 4.0],
[480, 2.0],
[240, 1.0],
[30, 4.0],
[60, 4.0],
[480, 2.0],
[60, 4.0],
[120, 2.0],
[30, 4.0],
[60, 3.0],
[120, 2.0],
[480, 0.0],
k101
[480, 8.0],
[960, 5.0],
[480, 9.0],
[480, 6.0],
[960, 4.0],
[240, 9.0],
[480, 6.0],
[240, 10.0],
[960, 6.0],
[240, 9.0],
[1920, 5.0],
[1920, 5.0],
[480, 8.0],
[1920, 6.0],
[240, 9.0],
[240, 10.0],
[960, 6.0],
[960, 5.0],
k81
sim_k71
sim_k61
sim_k51
sim_k41
