k501
k301
[60, 2.0],
[240, 0.0],
[60, 0.0],
[60, 0.0],
[480, 0.0],
[60, 0.0],
[480, 0.0],
[120, 2.0],
[240, 2.0],
[30, 2.0],
[60, 0.0],
[60, 2.0],
[120, 2.0],
[60, 0.0],
[480, 0.0],
[30, 0.0],
[60, 2.0],
[480, 0.0],
[480, 0.0],
[240, 0.0],
[30, 2.0],
[120, 0.0],
[120, 2.0],
[240, 0.0],
[30, 0.0],
[30, 0.0],
[30, 2.0],
[120, 2.0],
[480, 0.0],
[240, 0.0],
[60, 0.0],
[240, 0.0],
[240, 0.0],
[240, 0.0],
[60, 2.0],
[120, 0.0],
[120, 0.0],
[120, 0.0],
[480, 0.0],
[30, 0.0],
[480, 0.0],
[30, 0.0],
[60, 2.0],
[120, 0.0],
[480, 0.0],
[60, 2.0],
[60, 0.0],
[240, 0.0],
[480, 0.0],
[60, 2.0],
[480, 0.0],
[480, 0.0],
[30, 2.0],
[120, 0.0],
[120, 0.0],
[30, 2.0],
[240, 2.0],
[30, 0.0],
[120, 2.0],
[240, 0.0],
[30, 0.0],
[240, 0.0],
[480, 0.0],
[60, 0.0],
[240, 0.0],
[30, 0.0],
[120, 2.0],
[30, 2.0],
[240, 0.0],
[240, 0.0],
[30, 0.0],
[120, 2.0],
[120, 2.0],
[480, 0.0],
[480, 0.0],
k201
[240, 0.0],
[30, 2.0],
[30, 2.0],
[480, 4.0],
[480, 0.0],
[30, 0.0],
[30, 0.0],
[30, 0.0],
[60, 2.0],
[480, 0.0],
[480, 0.0],
[240, 0.0],
[30, 0.0],
[480, 0.0],
[120, 0.0],
[240, 0.0],
[60, 0.0],
[120, 0.0],
[480, 0.0],
[60, 2.0],
[60, 4.0],
[480, 4.0],
[60, 0.0],
[480, 0.0],
[240, 0.0],
[120, 0.0],
[120, 2.0],
[60, 0.0],
[120, 0.0],
[240, 0.0],
[120, 2.0],
[30, 0.0],
[480, 2.0],
[120, 0.0],
[60, 2.0],
[30, 0.0],
[30, 2.0],
[240, 0.0],
[240, 0.0],
[30, 4.0],
[120, 0.0],
[480, 0.0],
[480, 2.0],
[60, 2.0],
[480, 0.0],
[120, 0.0],
[240, 2.0],
[240, 2.0],
[120, 0.0],
[480, 0.0],
[240, 0.0],
[120, 0.0],
[30, 0.0],
[120, 0.0],
[120, 4.0],
[480, 2.0],
[240, 0.0],
[60, 0.0],
[30, 4.0],
[60, 4.0],
[240, 0.0],
[60, 2.0],
[60, 0.0],
[120, 0.0],
[30, 0.0],
[60, 2.0],
[120, 0.0],
[30, 0.0],
[480, 0.0],
[240, 0.0],
[30, 0.0],
[60, 0.0],
[240, 0.0],
[240, 0.0],
[60, 0.0],
k101
[240, 0.0],
[120, 2.0],
[480, 2.0],
[960, 4.0],
[120, 4.0],
[480, 2.0],
[480, 0.0],
[240, 2.0],
[60, 2.0],
[120, 0.0],
[60, 5.0],
[480, 0.0],
[240, 7.0],
[120, 2.0],
[120, 2.0],
[60, 2.0],
[120, 4.0],
[240, 0.0],
[480, 4.0],
[960, 3.0],
[960, 0.0],
[60, 0.0],
[240, 2.0],
[60, 6.0],
[120, 0.0],
[960, 5.0],
[120, 2.0],
[60, 2.0],
[120, 0.0],
[60, 2.0],
[60, 2.0],
[960, 5.0],
[60, 0.0],
[60, 2.0],
[120, 2.0],
k81
sim_k71
sim_k61
sim_k51
sim_k41
