k501
k301
k201
[60, 0],
[120, 0],
[60, 0],
[60, 0],
[30, 0],
[240, 0],
[240, 0],
[60, 0],
[120, 0],
[240, 0],
[480, 0],
[240, 0],
[60, 0],
[240, 0],
[30, 0],
[120, 0],
[120, 0],
[60, 0],
[480, 0],
[120, 0],
[30, 0],
[480, 0],
[480, 0],
[60, 0],
[240, 0],
[30, 0],
[480, 0],
[240, 0],
[30, 0],
[240, 0],
[120, 0],
[480, 0],
[240, 0],
[60, 0],
[30, 0],
[120, 0],
[480, 0],
[30, 0],
[480, 0],
[30, 0],
[480, 0],
[30, 0],
[120, 0],
[30, 0],
[240, 0],
[480, 0],
[30, 0],
[120, 0],
[30, 0],
[30, 0],
[240, 0],
[480, 0],
[120, 0],
[480, 0],
[120, 0],
[240, 0],
[60, 0],
[480, 0],
[60, 0],
[60, 0],
[120, 0],
[240, 0],
[30, 0],
[480, 0],
[120, 0],
[120, 0],
[60, 0],
[120, 0],
[240, 0],
[240, 0],
[60, 0],
[60, 0],
[30, 0],
[480, 0],
[60, 0],
k101
[85, 0],
[60, 0],
[170, 0],
[60, 0],
[240, 0],
[170, 0],
[120, 0],
[340, 0],
[170, 0],
[60, 0],
[170, 0],
[960, 0],
[60, 0],
[120, 0],
[120, 0],
[960, 0],
[960, 0],
[960, 0],
[340, 0],
[120, 0],
[240, 0],
[240, 0],
[60, 0],
[240, 0],
[340, 0],
[85, 0],
[240, 0],
[480, 0],
[85, 0],
[60, 0],
[170, 0],
[340, 0],
[340, 0],
[85, 0],
[85, 0],
[120, 0],
[480, 0],
[60, 0],
[120, 0],
[85, 0],
[340, 0],
[480, 0],
[60, 0],
[85, 0],
[240, 0],
[240, 0],
[120, 0],
[120, 0],
[85, 0],
[240, 0],
[60, 0],
[120, 0],
[480, 0],
[480, 0],
[170, 0],
[85, 0],
[240, 0],
[960, 0],
[340, 0],
[170, 0],
[120, 0],
[85, 0],
[170, 0],
[170, 0],
[340, 0],
[60, 0],
[340, 0],
[170, 0],
[240, 0],
[340, 0],
k81
sim_k71
[240, 0],
[85, 2],
[120, 0],
[240, 0],
[60, 2],
[240, 0],
[240, 0],
[170, 0],
[60, 2],
[170, 0],
[60, 2],
[240, 0],
[170, 0],
[120, 0],
[60, 2],
[240, 0],
[240, 0],
[60, 2],
[240, 0],
[170, 0],
[85, 2],
[120, 0],
[85, 2],
[60, 2],
[85, 2],
[170, 0],
[60, 2],
[120, 0],
[60, 2],
[120, 0],
[85, 2],
[120, 0],
[170, 0],
[60, 2],
[120, 0],
[240, 0],
[120, 0],
[170, 0],
[85, 2],
[170, 0],
[170, 0],
[85, 2],
[60, 2],
[120, 0],
[85, 0],
[85, 2],
[240, 0],
[120, 0],
[85, 2],
[170, 0],
sim_k61
[240, 2],
[60, 2],
[170, 0],
[340, 0],
[240, 2],
[85, 2],
[85, 2],
[120, 2],
[120, 2],
[120, 2],
[240, 2],
[170, 0],
[120, 4],
[240, 2],
[240, 0],
[340, 0],
[240, 2],
[60, 2],
[240, 2],
[120, 2],
[240, 2],
[85, 2],
[60, 2],
[340, 0],
[60, 2],
[240, 2],
[60, 2],
[340, 0],
[85, 2],
[60, 2],
[170, 0],
[340, 0],
[170, 2],
[60, 2],
[120, 2],
[60, 2],
[85, 2],
[120, 2],
[120, 2],
[60, 2],
[170, 0],
[340, 0],
[170, 2],
[240, 2],
[340, 0],
[85, 2],
[170, 0],
[170, 0],
[340, 0],
[85, 2],
[340, 0],
[85, 2],
[120, 2],
[170, 0],
[60, 2],
[340, 0],
[85, 2],
[85, 2],
[170, 0],
[120, 2],
sim_k51
[480, 0],
[60, 9],
[480, 2],
[120, 20],
[60, 32],
[240, 1],
[60, 42],
[480, 2],
[480, 2],
[60, 32],
[960, 0],
[480, 0],
[960, 0],
[120, 2],
[240, 2],
[240, 2],
[240, 2],
[120, 2],
[240, 0],
[120, 14],
[960, 0],
[960, 0],
[60, 9],
[960, 0],
[120, 20],
sim_k41
[1920, 20],
[120, 36],
[1920, 28],
[60, 55],
[480, 37],
[60, 52],
[60, 70],
[240, 36],
[240, 47],
[120, 52],
[7680, 8],
[480, 35],
[960, 38],
[120, 46],
[60, 52],
[1920, 34],
[60, 42],
[960, 38],
[7680, 20],
[60, 74],
[960, 38],
[240, 27],
[240, 37],
[3840, 25],
[480, 44],
[60, 65],
[3840, 31],
[960, 38],
[60, 56],
[120, 61],
[60, 81],
[3840, 25],
[3840, 25],
[960, 38],
[7680, 25],
[120, 36],
[7680, 8],
[3840, 25],
[240, 36],
[1920, 19],
[480, 43],
[7680, 8],
[120, 35],
[480, 36],
[1920, 19],
[60, 73],
[120, 46],
