k501
[30, 2.0],
[60, 2.0],
[60, 2.0],
[30, 0.0],
[30, 2.0],
[30, 0.0],
[60, 2.0],
[30, 2.0],
[60, 0.0],
[60, 2.0],
k301
[60, 0.0],
[30, 3.0],
[30, 2.0],
[60, 2.0],
[60, 2.0],
[30, 0.0],
[30, 2.0],
[30, 0.0],
[60, 0.0],
[60, 2.0],
k201
[30, 0.0],
[240, 0.0],
[240, 2.0],
[60, 2.0],
[30, 0.0],
[120, 2.0],
[60, 0.0],
[30, 2.0],
[240, 2.0],
[240, 2.0],
[30, 0.0],
[120, 0.0],
[120, 2.0],
[30, 0.0],
[60, 0.0],
[240, 2.0],
[60, 2.0],
[120, 0.0],
[60, 2.0],
[120, 2.0],
k101
k81
sim_k71
[60, 10.0],
[960, 6.0],
[480, 6.0],
[60, 8.0],
[120, 6.0],
[240, 8.0],
[120, 6.0],
[30, 6.0],
[30, 8.0],
[30, 6.0],
[960, 6.0],
[240, 4.0],
[240, 6.0],
[60, 4.0],
[480, 4.0],
[960, 4.0],
[120, 10.0],
[30, 6.0],
[480, 6.0],
[240, 8.0],
[60, 6.0],
[240, 6.0],
[120, 6.0],
[480, 6.0],
[960, 6.0],
[60, 10.0],
[960, 4.0],
[30, 6.0],
[120, 6.0],
[480, 6.0],
sim_k61
sim_k51
sim_k41
