k501
[30, 0],
[60, 0],
[30, 0],
[60, 0],
[60, 0],
[30, 0],
[60, 0],
[60, 0],
[30, 0],
[30, 0],
k301
[60, 0],
[30, 0],
[60, 0],
[30, 0],
[60, 0],
[60, 0],
[30, 0],
[60, 0],
[30, 0],
[30, 0],
k201
[30, 0],
[30, 0],
[30, 0],
[60, 0],
[60, 0],
[30, 0],
[30, 0],
[60, 0],
[60, 0],
[60, 0],
k101
k81
sim_k71
[60, 4],
[60, 2],
[240, 0],
[60, 2],
[120, 0],
[240, 0],
[120, 0],
[120, 0],
[240, 0],
[30, 3],
[30, 3],
[240, 0],
[30, 4],
[120, 0],
[60, 2],
[120, 0],
[240, 0],
[60, 2],
[30, 3],
[30, 3],
sim_k61
[240, 2],
[120, 2],
[480, 0],
[480, 0],
[120, 2],
[480, 0],
[960, 0],
[240, 2],
[120, 2],
[960, 0],
[960, 0],
[120, 2],
[240, 2],
[960, 0],
[120, 2],
[960, 0],
[480, 0],
[240, 2],
[480, 0],
[240, 2],
sim_k51
sim_k41
